D|1.219|5.00|01.12.2016
E85|0.95|15,12|12.11.2016
98|1.319|50.56|01.01.2016
98|1.319|45,32|15.01.2016
98|1.319|50.30|09.02.2016
98|1.392|45.25|11.03.2016
95|1.319|5.00|01.04.2016
D|1.219|5.00|01.10.2016
E85|0.95|15,12|12.11.2016
98|1.319|50.56|01.01.2016
98|1.319|45,32|15.01.2016
95|1.21|30.4|02.02.2016
98|1.319|50.30|09.02.2016
98|1.392|45.25|11.03.2016
D|1.219|5.00|01.02.2016
E85|0.95|15,12|12.03.2016
98|1.319|50.56|01.09.2016
98|1.319|45,32|15.05.2016
E85|0.95|15,12|12.11.2016
98|1.319|50.56|01.01.2016
98|1.319|45,32|15.01.2016
95|1.21|30.4|02.02.2016
98|1.319|50.30|09.02.2016
98|1.392|45.25|11.03.2016
95|1.319|5.00|01.04.2016
E85|0.95|15,12|12.11.2016
98|1.319|50.56|01.01.2016
98|1.319|45,32|15.01.2016
95|1.21|30.4|02.02.2016
98|1.319|50.30|09.02.2016
98|1.392|45.25|11.03.2016
95|1.319|5.00|01.04.2016
D|1.219|5.00|01.02.2016
E85|0.95|15,12|12.03.2016
98|1.319|50.56|01.09.2016
98|1.319|45,32|15.05.2016
D|1.219|5.00|01.12.2016
E85|0.95|15,12|12.11.2016
98|1.319|50.56|01.01.2016
98|1.319|45,32|15.01.2016
95|1.21|30.4|02.02.2016
98|1.319|50.30|09.02.2016
98|1.392|45.25|11.03.2016
95|1.319|5.00|01.04.2016
D|1.219|5.00|01.10.2016
E85|0.95|15,12|12.11.2016
98|1.319|50.56|01.01.2016
98|1.319|45,32|15.01.2016
95|1.21|30.4|02.02.2016
98|1.319|50.30|09.02.2016
98|1.392|45.25|11.03.2016
95|1.319|5.00|01.04.2016
D|1.219|5.00|01.02.2016
E85|0.95|15,12|12.03.2016
98|1.319|50.56|01.09.2016
98|1.319|45,32|15.05.2016
D|1.219|5.00|01.12.2016
E85|0.95|15,12|12.11.2016
98|1.319|50.56|01.01.2016
98|1.319|45,32|15.01.2016
95|1.21|30.4|02.02.2016
98|1.319|50.30|09.02.2016
98|1.392|45.25|11.03.2016
95|1.319|5.00|01.04.2016
D|1.219|5.00|01.10.2016
E85|0.95|15,12|12.11.2016
98|1.319|50.56|01.01.2016
98|1.319|45,32|15.01.2016
95|1.21|30.4|02.02.2016
98|1.319|50.30|09.02.2016
98|1.392|45.25|11.03.2016
95|1.319|5.00|01.04.2016
D|1.219|5.00|01.02.2016
E85|0.95|15,12|12.03.2016
98|1.319|50.56|01.09.2016
98|1.319|45,32|15.05.2016
D|1.219|5.00|01.06.2016
E85|0.95|15,12|07.07.2016
98|1.319|50.56|08.08.2016
98|1.319|45,32|15.06.2016
95|1.21|30.4|02.07.2016
98|1.319|50.30|09.08.2016
98|1.392|45.25|11.06.2016
95|1.319|5.00|01.07.2016
D|1.219|5.00|01.08.2016
E85|0.95|15,12|12.06.2016
98|1.319|50.56|01.07.2016
98|1.319|45,32|15.08.2016
95|1.21|30.4|02.06.2016
98|1.319|50.30|09.07.2016
98|1.392|45.25|11.08.2016
95|1.319|5.00|01.06.2016
D|1.219|5.00|01.07.2016
E85|0.95|15,12|12.08.2016
95|1.319|50.56|01.09.2016
98|1.319|45,32|15.05.2016
86|1.219|5.00|01.07.2016
E85|0.95|15,12|12.08.2016
98|1.319|50.56|01.09.2016
98|1.319|45,32|15.05.2016